3395.36184153 3388.56821198 100.3 0 13 50 4670
3362.83167735 3406.73133485 135.0 0 14 00 4670
3387.53026453 3390.93151517 65.9 0 17 00 4670
3404.83908967 3380.20566763 98.2 1 10 00 4670
3393.29131639 3390.01014821 109.3 1 16 00 4670
3410.3334382 3387.02411304 115.4 1 17 00 4670
3398.54723153 3395.79942002 104.2 2 11 00 4670
3404.38105411 3375.71460247 101.3 2 16 00 4670
3396.77353254 3380.15754924 94.0 2 18 00 4670
3397.00798259 3385.83111008 97.5 3 16 00 4670
3360.5141785 3382.51768862 58.0 3 18 00 4670
3415.83438792 3395.20272708 123.1 4 11 00 4670
3395.47011368 3372.02564431 102.0 4 17 00 4670
